Seq-ID:	Sequence:	103_2	106_2	120_2	1_20	12_6	13_6	14_6	15_6	17_6	20_6	2_13	22_6	24_5	25_5	26_5	28_5	29_5	30_5	3_12	36_4	37_4	38_4	40_4	4_12	41_4	42_4	44_4	5_11	54_4	66_3	67_3	68_3	6_8	87_2	88_2	8_8	90_2	92_2	95_2	96_2	9_7	98_2	99_2	
sp|P78412|IRX6_HUMAN	GAEAG	-2.0901028	-0.28235815	-0.04558472	-4.740371	-1.5201455	-2.1837787	-1.1013844	-2.5737845	-2.0717089	-2.8999988	-3.9796488	-2.1089117	-1.539267	-0.93444644	-1.1082235	-1.1297842	-1.7822295	-1.165653	-1.1694104	-0.97809465	-1.861837	-1.6340764	-1.0001317	-0.7583752	-2.0987274	-2.9572198	-0.90391269	-1.4106814	-2.7957804	-2.2096718	-1.6592884	-1.2291393	-1.192304	-1.7965461	-1.6292439	-0.84109081	-1.1310922	-0.17409353	-1.9733419	-1.6619611	-0.91495618	-1.254396	-1.4115211
sp|Q80YA9|CNKR2_MOUSE	IETHV	-2.3065277	1.0000008	0.82450077	2.127011	-0.02408406	0.99950367	-0.71664279	-0.34213172	-2.3580329	1.3260098	1.0000923	-0.49826841	0.022265672	0.32395264	-0.98274447	-0.8918524	1.0000671	0.9993932	-1.2434913	-0.88268365	-1.4191846	-0.35369083	-1.0005935	-0.47897722	-1.2250254	0.81303849	-0.78580466	0.47262341	0.99909428	1.0000031	1.0960309	0.99988717	-1.2258457	0.89781727	-1.5780715	1.0000966	-0.94179749	0.47363362	-0.38602001	0.99997894	-1.2260197	-0.91780203	-0.91470959
sp|Q8N9V7|TOPZ1_HUMAN	LFSNH	-2.0014116	-0.12986583	0.37818956	-2.6507786	-0.53080899	-1.3313816	-1.0048067	-2.2701482	-1.4397063	-1.349946	-1.9690371	-1.5184777	-0.70357377	0.40040509	-0.24015428	-1.0530043	-0.4037535	-1.3052782	-1.4652617	-0.92918281	-2.0825651	-1.3241288	-0.99994793	-0.73444151	-2.021006	-2.6821147	-0.89233975	-1.1129176	-2.27386	-1.6404072	-2.5763626	-1.6983535	-0.96369032	-0.0049497418	-0.79076875	-0.68548568	-1.1416637	-0.80357677	-1.5548121	-0.31066073	-1.0003158	-1.3545598	-1.4318101
sp|Q6NXK2|ZN532_MOUSE	SSAEK	-1.7698111	-0.19644918	-2.2382795	-2.3418442	-1.3144948	-2.4843647	-1.3978742	-3.3000023	-1.0436844	0.018838307	-2.5200456	-2.2664229	-1.677766	-0.30497443	-1.2395509	-1.0829698	-1.96346	-1.5837862	-1.1152798	-0.97138705	-2.2541997	-1.723975	-0.99980265	-1.3467616	-2.4252151	-3.2697511	-0.91524193	-2.7941423	-2.8557981	-2.4205779	-2.4076133	-0.97949882	-1.2876144	-0.74116725	-2.4300939	-0.97543753	-1.0720492	-0.29970791	-1.5973437	-1.8953609	-1.0889327	-1.3767468	-1.2719174
sp|Q15170|TCAL1_HUMAN	RPYPI	-1.7605045	-0.55336614	-0.57243868	-2.5087716	-1.5260774	-2.4194864	-0.87330727	-3.8091996	-1.4969256	-2.0398378	-2.7173942	-2.4542088	-0.86591588	0.11180345	-0.65787818	-1.1663562	-1.7803635	-1.509303	-1.3256299	-0.92647604	-1.6048611	-1.6218568	-1.0008955	-1.417619	-2.0438805	-2.9628052	-0.77514431	-2.3262344	-2.4201997	-1.0469346	-2.8041712	-0.58516984	-0.98541512	-1.4643078	-1.0554958	-0.80418199	-0.876969	-0.36481897	-0.3536209	-1.1850074	-0.76419585	-1.1380529	-1.0905473
sp|Q571F8|GLSL_MOUSE	LESMV	-2.2469895	0.99926322	1.3175226	-0.71263114	0.68774725	1	-0.75217396	-1.2989093	-2.1272015	-0.19792965	0.71908447	-1.7595681	-0.10290524	0.33784659	-0.22585401	-1.1067171	0.684933	-1.0000609	-1.5782463	-0.92681913	-1.5652445	-0.92326415	-0.99972174	-1.2688348	-1.78221	0.79556775	-0.78449969	-0.23632918	-0.7874765	-0.91936807	-1.6759208	-0.080019974	-1.2097911	1.0001022	-1.1853291	-0.99992399	-0.99237925	0.091459465	-0.81353542	0.99963387	-1.2732444	-0.85197681	-0.87499345
sp|Q80T41|GABR2_MOUSE	MVSGL	-0.85965578	-0.066477208	0.88492887	-3.195646	-0.68607322	-2.022605	-1.2204034	-2.2658768	-1.7282865	-0.17479864	-2.2228205	-0.62441873	-0.96158748	0.033467488	-0.71592306	-1.3610491	-1.0142142	-0.076469698	-0.7021521	-0.95296813	-1.982202	-1.0191325	-0.99990602	0.39688187	-1.6177771	-1.1860428	-0.81768004	-2.5612827	-2.0926099	-1.413383	-2.0391548	-0.67337829	-1.0641892	-0.80154913	-1.7303773	-0.65112659	-1.1250304	-1.0790115	-1.8200327	-0.61911169	-1.3842409	-1.3470135	-0.59809812
sp|P16388|KCNA1_MOUSE	LLTDV	-2.1221753	0.76465548	1.0008977	-1.539462	-0.032325617	-1.07011	-0.70902577	-0.57610264	-2.1377851	-0.32811544	-0.99995774	-0.96394097	-0.55423123	0.43100783	-0.6694912	-0.55281098	0.52103006	-1.0669386	-1.2092783	-0.93184474	-0.77044338	-0.29171352	-0.99948299	-1.1756676	-0.59575091	-1.2390522	-0.90728438	-1.5949246	-1.2402129	-0.20175058	0.56362577	-0.97497959	-0.805849	-0.32248029	-0.25535925	-0.60142025	-0.97032381	0.028599285	-0.74019619	0.56626313	-1.353516	-0.79502908	-0.99928477
sp|Q9Y624|JAM1_HUMAN	SSFLV	-1.5778452	0.03021877	-0.077453374	-0.83339942	-0.6851251	-1.7547339	1	-1.5633851	-0.22450473	0.39156706	-1.162231	-1.7539234	-0.6272342	0.1952355	-0.58861215	-0.26545534	-1.8814968	-1.7103859	-1.4103813	-0.99991589	-0.91658485	-1.2523417	-1	-1.0753313	-1.6544674	-1.2963536	-0.90335902	-1.6902595	-2.1749289	-1.96256	-1.9426441	-0.46733709	-1.3537256	-0.8593625	-1.3845186	-0.71417914	-0.58427648	0.96448536	0.34666946	-1.4284345	-0.4985968	-0.78824219	-0.27027548
sp|Q9NQS3|PVRL3_HUMAN	REWYV	-2.2710757	0.64850181	1.5808891	0.47536086	0.36396806	-0.96921409	-0.0024245847	-0.23451622	-1.8210808	0.8650889	0.10804441	-2.4526127	0.29894927	0.85234774	0.51856436	-1.0261699	0.030791343	-0.69752077	-1.3032006	-0.84983815	-0.80041582	-1.0096372	-0.99961793	-1.1691198	-2.0534021	-0.54686351	-0.42665102	-0.91142359	-1.4461062	-0.45886802	-1.2146178	0.7395584	-0.99252875	0.0091157647	-0.71499829	-0.47308173	-0.73767915	0.28814784	1.349211	0.13421072	-0.8346925	0.74450732	-0.2271542
